73 1 (vertices, exit vertex)
-12.840 11.040 0.600
-5.260 20.960 1.140
5.050 16.240 -6.570
-6.490 17.440 -7.600
-5.410 18.480 -8.990
-4.090 19.250 -11.590
-6.530 15.820 -11.860
-8.550 12.610 -8.310
-5.560 8.310 -8.550
-5.880 9.270 -4.070
-7.600 9.840 -7.440
-6.990 11.400 -4.560
-7.540 13.580 -4.750
-6.210 15.500 -3.200
-18.410 16.130 -3.000
-17.360 17.720 -1.790
-15.950 17.050 0.180
-14.280 15.550 0.640
-12.410 13.630 0.570
-13.740 17.740 -8.150
-12.690 14.470 -6.870
-10.980 12.980 -4.270
-9.360 13.560 -1.370
-7.180 16.010 -0.940
-7.200 17.060 0.280
-7.150 18.740 0.790
-5.500 18.670 0.490
5.240 13.800 -5.970
2.230 13.600 -5.220
2.480 9.710 -4.300
0.200 11.050 -3.750
-0.910 12.820 -3.560
-2.390 15.660 -4.350
1.200 18.010 -5.830
-2.730 20.110 -2.000
-4.750 18.370 -0.780
-3.560 19.520 -0.010
-2.420 20.030 0.550
1.700 22.860 -0.320
-0.670 20.970 0.890
4.010 18.080 1.870
7.000 17.500 2.860
0.060 19.120 1.340
0.630 16.750 3.540
1.160 15.390 4.040
-3.960 20.450 8.130
-4.310 21.210 5.830
-1.690 24.040 6.240
1.110 26.130 7.050
-4.470 22.540 3.520
-1.710 24.750 3.720
0.740 27.140 3.750
1.160 27.920 4.500
-6.300 20.300 2.890
-6.010 21.380 3.150
-6.280 23.040 2.740
-6.150 25.350 3.130
-7.420 27.090 3.280
-6.950 30.850 3.440
-6.890 28.780 -3.210
-7.310 26.760 -2.030
-7.090 24.640 -1.320
-7.070 21.140 -0.450
-10.360 22.480 1.640
-8.450 20.330 0.330
-7.750 19.360 -0.940
-8.500 19.540 -2.500
-10.530 20.050 -11.040
-10.180 18.870 -9.220
-9.500 18.990 -7.540
-8.840 20.390 -6.460
-11.550 25.800 -5.030
-10.070 24.350 -7.170
72 (lines)
2 54
48 49
47 46
47 48
55 47
52 53
51 52
50 51
55 50
58 59
57 58
55 56
56 57
54 55
61 60
62 61
63 62
63 2
66 63
35 37
38 37
45 44
44 43
42 41
41 43
43 40
39 40
40 38
36 37
36 27
27 26
26 66
65 66
16 15
17 16
18 17
19 18
19 1
23 19
21 20
22 21
23 22
28 29
30 31
31 32
29 32
32 33
34 3
33 34
33 14
6 7
5 6
4 5
14 4
11 8
11 9
12 11
12 10
13 12
14 13
24 14
24 23
25 24
25 66
64 65
66 67
69 68
70 69
71 70
72 73
71 73
67 71

